595
627
637
645
658
667
677
686
697
692
686
678
691
713
735
748
752
764
786
817
840
853
866
879
896
917
940
970
1023
1042
1051
1026
1012
993
982
982
985
978
986
989
999
1006
1040
1056
1057
1038
1030
1053
1065
1077
1068
1069
1070
1075
1090
1105
1122
1129
1110
1082
1058
1060
1072
1080
1090
1100
1091
1081
1060
1066
1087
1106
1119
1118
1124
1127
1111
1098
1100
1121
1158
1185
1232
1263
1293
1323
1352
1382
1390
1419
1453
1496
1522
1547
1569
1607
1636
1662
1699
1757
1828
1872
1896
1907
1915
1923
1929
1935
1941
1947
1956
1959
1965
1964
1970
1977
1987
2000
2017
2045
2079
2106
2117
2112
2106
2105
2110
2114
2120
2136
2156
2171
2177
2185
2196
2207
2212
2236
2259
2283
2290
2298
2303
2316
2329
2347
2355
2382
2416
2450
2463
2466
2476
2489
2508
2520
2534
2543
2552
2559
2560
2564
2565
2572
2587
2605
2596
2590
2590
2635
2672
2700
2710
2718
2726
2743
2769
2795
2811
2814
2825
2842
2857
2864
2867
2878
2889
2903
2917
2926
2935
2938
2941
2939
2948
2979
3010
3028
3007
2982
2962
2964
2978
3001
3024
3040
3046
3054
3077
3095
3125
3146
3186
3212
3234
3240
3274
3308
3340
3356
3370
3409
3438
3466
3476
3484
3495
3506
3522
3541
3555
3578
3598
3592
3572
3545
3544
3543
3543
3552
3559
3565
3562
3564
3585
3629
3684
3712
3721
3717
3726
3727
3730
3734
3744
3751
3763
3782
3803
3817
3817
3829
3836
3851
3872
3896
3915
3922
3935
3983
4041
4103
4130
4139
4141
4152
4166
4179
4197
4209
4221
4226
4245
4284
4318
4341
4345
4371
4405
4445
4460
4457
4451
4465
4493
4517
4524
4528
4532
4540
4549
4569
4588
4606
4611
4613
4614
4648
4684
4687
4664
4639
4647
4650
4650
4651
4663
4679
4686
4682
4706
4738
4770
4773
4776
4780
4761
4750
4763
4809
4852
4871
4890
4931
4969
5016
5037
5062
5077
5097
5121
5141
5163
5214
5261
5300
5287
5269
5265
5278
5303
5314
5326
5330
5342
5353
5364
5370
5376
5382
5389
5397
5410
5419
5420
5416
5422
5435
5454
5461
5473
5480
5493
5502
5518
5546
5574
5597
5606
5614
5621
5642
5663
5688
5698
5708
5707
5715
5724
5738
5743
5753
5785
5818
5846
5864
5880
5896
5910
5946
5983
6021
6041
6060
6070
6076
6082
6083
6084
6086
6100
6105
6115
6116
6117
6116
6117
6128
6146
6159
6175
6171
6179
6181
6195
6200
6210
6218
6226
6228
6229
6218
6210
6204
6210
6216
6222
6231
6240
6253
6258
6294
6326
6385
6418
6472
6504
6532
6545
6573
6612
6646
6689
6720
6747
6753
6751
6765
6776
6800
6808
6833
6854
6908
6946
6981
6983
6990
7001
7012
7024
7034
7044
7053
7058
7071
7078
7092
7099
7113
7130
7156
7176
7200
7214
7227
7228
7230
7227
7187
7148
7117
7126
7131
7137
7142
7149
7155
7162
7173
7178
7213
7236
7266
7287
7321
7362
7385
7406
7416
7419
7417
7416
7419
7424
7428
7432
7450
7473
7495
7503
7506
7539
7579
7617
7625
7643
7665
7693
7715
7729
7740
7737
7738
7743
7762
7783
7799
7807
7824
7840
7854
7860
7834
7809
7783
7820
7849
7879
7884
7895
7923
7944
7967
7943
7938
7941
7973
7986
7990
8014
8038
8063
8062
8071
8078
8097
8108
8120
8126
8130
8129
8131
8134
8143
8152
8157
8164
8172
8183
8220
8261
8303
8315
8336
8366
8396
8409
8405
8402
8401
8402
8398
8396
8401
8410
8423
8436
8432
8424
8414
8424
8447
8472
8481
8473
8499
8539
8581
8608
8637
8665
8672
8685
8707
8731
8746
8751
8754
8755
8764
8773
8787
8794
8817
8838
8858
8885
8913
8963
8984
9021
9034
9053
9054
9057
9057
9068
9088
9112
9128
9160
9205
9261
9330
9385
9446
9471
9508
9535
9560
9575
9582
9594
9620
9647
9676
9692
9723
9748
9773
9797
9818
9836
9841
9873
9924
9972
9996
10001
10034
10080
10126
10147
10140
10137
10149
10194
10238
10265
10274
10287
10304
10323
10335
10339
10341
10338
10337
10336
10340
10344
10350
10368
10386
10409
10422
10437
10444
10451
10469
10485
10500
10492
10483
10473
10474
10483
10493
10505
10496
10494
10489
10512
10527
10562
10599
10633
10647
10643
10642
10646
10654
10681
10703
10731
10740
10747
10750
10754
10772
10788
10806
10816
10824
10836
10824
10814
10798
10802
10788
10785
10798
10830
10855
10868
10882
10892
10900
10903
10905
10899
10882
10897
10919
10957
10967
10984
11014
11040
11045
11044
11043
11055
11065
11073
11081
11086
11101
11116
11139
11151
11166
11189
11209
11229
11246
11267
11306
11328
11352
11355
11352
11359
11370
11401
11423
11439
11415
11397
11379
11393
11402
11422
11436
11448
11451
11454
11459
11470
11484
11498
11516
11533
11548
11553
11553
11553
11571
11592
11614
11615
11618
11624
11641
11661
11682
11698
11711
11720
11728
11734
11746
11728
11711
11687
11691
11704
11721
11738
11742
11769
11799
11832
11838
11841
11849
11857
11889
11918
11948
11954
11964
11967
11973
11977
11991
12013
12038
12075
12105
12126
12127
12125
12135
12150
12174
12170
12185
12192
12224
12238
12250
12263
12286
12299
12312
12326
12368
12404
12427
12432
12445
12458
12487
12508
12514
12478
12444
12413
12393
12369
12357
12373
12391
12405
12439
12488
12544
12568
12584
12600
12622
12636
12647
12646
12647
12646
12671
12691
12720
12733
12751
12767
12792
12815
12836
12847
12859
12860
12850
12847
12854
12868
12873
12882
12893
12926
12953
12995
13009
13024
13023
13030
13034
13037
13039
13043
13047
13064
13079
13094
13096
13101
13109
13119
13125
13126
13149
13181
13216
13226
13232
13218
13208
13196
13205
13218
13225
13224
13216
13220
13234
13278
13335
13404
13447
13485
13512
13536
13546
13564
13588
13622
13652
13678
13695
13704
13709
13705
13707
13709
13720
13724
13756
13793
13819
13817
13813
13821
13835
13845
13855
13859
13863
13869
13887
13905
13940
13961
13979
13983
13987
14014
14035
14062
14071
14064
14057
14071
14101
14121
14134
14150
14173
14182
14188
14194
14205
14231
14257
14295
14324
14377
14416
14450
14474
14494
14513
14517
14523
14529
14540
14548
14561
14564
14572
14601
14600
14597
14577
14605
14631
14632
14620
14618
14612
14601
14580
14579
14583
14590
14601
14615
14640
14661
14679
14682
14686
14707
14736
14766
14780
14793
14804
14815
14821
14833
14850
14892
14926
14958
14951
14950
14945
14952
14947
14944
14942
14950
14981
15011
15039
15056
15074
15093
15098
15099
15099
15100
15105
15119
15133
15141
15142
15146
15156
15165
15183
15200
15213
15240
15259
15275
15249
15232
15222
15227
15231
15232
15233
15237
15245
15274
15327
15382
15417
15425
15431
15416
15403
15390
15407
15425
15442
15449
15459
15470
15484
15492
15503
15517
15531
15540
15540
15541
15571
15604
15640
15644
15648
15645
15664
15684
15709
15715
15732
15756
15792
15832
15874
15906
15926
15940
15956
15968
15977
15988
16000
16037
16054
16067
16054
16056
16061
16078
16099
16126
16144
16155
16166
16178
16195
16206
16213
16228
16247
16274
16290
16302
16305
16308
16311
16332
16349
16370
16373
16380
16384
16402
16431
16471
16505
16525
16539
16549
16564
16584
16615
16653
16669
16673
16673
16685
16701
16743
16757
16764
16740
16754
16770
16810
16829
16849
16849
16862
16879
16895
16917
16933
16957
16976
16984
16984
16982
16992
17010
17044
17076
17095
17103
17114
17128
17138
17120
17115
17108
17126
17130
17133
17136
17141
17159
17177
17193
17196
17201
17204
17208
17210
17215
17219
17223
17224
17231
17240
17258
17271
17286
17296
17316
17350
17382
17412
17425
17438
17440
17441
17448
17457
17464
17468
17490
17515
17548
17572
17601
17629
17650
17665
17675
17688
17703
17733
17756
17774
17745
17718
17719
17748
17793
17814
17844
17870
17905
17938
17967
18014
18053
18093
18105
18101
18089
18091
18125
18158
18180
18186
18195
18207
18224
18234
18218
18197
18207
18247
18291
18306
18311
18306
18303
18316
18330
18350
18354
18367
18404
18454
18500
18520
18527
18527
18523
18519
18526
18534
18551
18564
18580
18599
18616
18623
18618
18615
18626
18650
18676
18692
18704
18734
18766
18794
18802
18810
18819
18834
18850
18860
18864
18871
18881
18891
18909
18928
18952
18957
18958
18952
18954
18959
18964
18966
18968
18975
19002
19048
19087
19094
19055
19020
19007
19022
19040
19057
19056
19039
19011
18999
19020
19053
19084
19115
19142
19173
19157
19159
19158
19184
19190
19198
19213
19224
19238
19255
19274
19307
19305
19304
19283
19293
19302
19311
19339
19373
19410
19422
19434
19448
19462
19473
19474
19484
19491
19509
19525
19543
19555
19560
19565
19579
19599
19622
19637
19651
19660
19677
19690
19706
19726
19745
19763
19777
19795
19812
19821
19822
19820
19817
19827
19852
19886
19895
19889
19857
19850
19849
19868
19875
19898
19925
19955
19965
19970
19970
19970
19974
19977
19980
19974
19982
19990
20003
20008
20023
20015
20007
19989
20009
20038
20064
20086
20099
20121
20132
20146
20160
20172
20183
20185
20206
20235
20279
20304
20316
20317
20319
20314
20313
20322
20343
20360
20368
20376
20384
20391
20385
20378
20377
20388
20402
20407
20411
20404
20409
20419
20438
20449
20457
20474
20484
20492
20496
20506
20516
20521
20525
20534
20543
20553
20541
20533
20524
20536
20549
20563
20573
20574
20576
20579
20586
20589
20592
20598
20604
20588
20568
20554
20565
20571
20573
20580
20596
20613
20622
20616
20610
20611
20626
20640
20646
20658
20671
20684
20688
20703
20710
20717
20716
20723
20751
20772
20794
20806
20822
20856
20883
20909
20916
20945
20982
21020
21030
21042
21049
21056
21049
21049
21049
21055
21061
21071
21079
21085
21089
21098
21115
21140
21162
21176
21167
21182
21198
21229
21242
21281
21320
21360
21369
21353
21332
21319
21331
21350
21364
21380
21385
21392
21400
21408
21431
21452
21473
21475
21476
21477
21480
21484
21493
21504
21536
21563
21588
21592
21602
21623
21643
21659
21668
21688
21718
21747
21765
21762
21756
21755
21769
21786
21798
21814
21834
21856
21846
21827
21811
21820
21826
21834
21850
21871
21889
21894
21904
21901
21902
21898
21929
21989
22064
22101
22100
22086
22085
22099
22127
22161
22187
22204
22208
22210
22212
22221
22236
22235
22229
22221
22223
22232
22239
22247
22255
22268
22291
22311
22328
22341
22357
22372
22376
22385
22395
22438
22471
22502
22510
22531
22552
22566
22582
22600
22618
22632
22645
22658
22671
22683
22696
22695
22694
22707
22747
22787
22820
22831
22843
22857
22864
22878
22882
22902
22914
22935
22941
22945
22959
23002
23049
23074
23077
23083
23097
23086
23088
23086
23106
23115
23121
23130
23134
23138
23145
23158
23198
23236
23273
23302
23334
23357
23368
23374
23382
23356
23333
23314
23334
23354
23367
23370
23384
23399
23415
23424
23435
23445
23461
23478
23493
23493
23520
23567
23631
23668
23696
23729
23761
23784
23781
23782
23786
23796
23802
23815
23829
23844
23849
23874
23899
23924
23926
23925
23931
23920
23923
23908
23919
23915
23929
23953
23990
24026
24047
24058
24071
24106
24146
24185
24201
24212
24216
24227
24238
24261
24295
24334
24371
24389
24395
24398
24379
24373
24357
24368
24373
24387
24418
24449
24475
24482
24489
24508
24524
24545
24561
24586
24600
24602
24595
24594
24584
24579
24582
24609
24641
24663
24694
24704
24723
24722
24736
24743
24758
24773
24788
24802
24807
24815
24818
24827
24837
24845
24847
24858
24869
24885
24890
24895
24900
24903
24906
24910
24914
24921
24940
24960
24978
24989
25005
25021
25024
25023
25021
25031
25039
25048
25047
25053
25058
25068
25074
25082
25090
25101
25114
25141
25157
25167
25163
25169
25178
25197
25214
25244
25264
25279
25280
25283
25289
25297
25303
25308
25306
25298
25291
25289
25302
25314
25327
25327
25345
25365
25390
25389
25406
25426
25456
25437
25412
25401
25423
25445
25454
25458
25464
25490
25519
25548
25555
25572
25591
25609
25617
25626
25647
25669
25692
25715
25731
25744
25743
25749
25766
25790
25810
25804
25794
25788
25798
25811
25835
25864
25891
25907
25916
25923
25926
25947
25969
26000
26022
26043
26053
26061
26072
26089
26107
26102
26074
26038
26024
26026
26026
26018
26014
26010
26016
26023
26046
26068
26091
26100
26108
26120
26133
26148
26169
26195
26225
26244
26258
